# oST version 5.0 parameters


[image]

width
640

height
480

[narrow_stereo/left]

camera matrix
393.689075 0.000000 313.535113
0.000000 393.470904 233.510924
0.000000 0.000000 1.000000

distortion
-0.010823 0.018389 -0.000536 0.001479 0.000000

rectification
0.999907 -0.004803 -0.012771
0.004787 0.999988 -0.001279
0.012777 0.001218 0.999918

projection
420.240103 0.000000 324.010643 0.000000
0.000000 420.240103 238.256968 0.000000
0.000000 0.000000 1.000000 0.000000
# oST version 5.0 parameters


[image]

width
640

height
480

[narrow_stereo/right]

camera matrix
404.420349 0.000000 329.884023
0.000000 403.051030 243.741631
0.000000 0.000000 1.000000

distortion
-0.018300 0.033513 -0.000475 0.006185 0.000000

rectification
0.999884 -0.004084 0.014656
0.004065 0.999991 0.001279
-0.014661 -0.001219 0.999892

projection
420.240103 0.000000 324.010643 -33.674653
0.000000 420.240103 238.256968 0.000000
0.000000 0.000000 1.000000 0.000000
